year km count
2003  518   3     
2002  516   3     
2001  508   4     
2000  503   3     
1999  505   2     
1998  487   4     
1997  463   1     
1996  437   2     
1995  423   2     
1994  415   4   
1993  425   4 
1992  430   4 
1991  439   6
1990  431   2 
1989  436   4 
1988  443   4 
1987  397   6 
1986  414   13 
1985  418   5 
1984  389   3
1983  401   7
1982  372   3
1981  417   2
1980  430   2
1979  426   3
1978  430   4
1977  425   8
1976  426   12
1975  436   2 
